Біграми (перекривні):
           а     б     в     г     д     е     ё     ж     з     и     й     к     л     м     н     о     п     р     с     т     у     ф     х     ц     ч     ш     щ     ъ     ы     ь     э     ю     я      
а          5   288  1828   443  1219  1261     3  1214  1982   103   451  3451  3946  2061  2299    30   410  1160  2735  2791    48   162   538    49   536   473   158     0     0     0     2   961  1116  9468
б        344     9    52     1    13  1443     0    26     0   530     0    79   547    18   202  1453     0   695   126     1   741     0    43     1     6     1   156    97  2513    36     1     6   313   355
в       3764     1    49     7   344  4055     0     1   290  1724     0    65   631    76  1018  4589   263   419  2965   142   407     0    31     9    68   301     3     1  1911   116     1     1   176  4079
г        566     0    10     2  1074   295     1     1     0   503     0    57   820    12   209  5663     0   521    31     3   297     0     1     0    16     3     0     0     0     0     0     1     2   667
д       3460     9   499     9    20  3032     0    16     9  1466     0   160   418    39  1207  2747    41  1016   223   103  1138     0    15   205    59    41     0    13   342   456     0     1   190   600
е         75   848  1165  2518  1810  1077     0   519   905   142  1437   787  3548  2887  5897   198   705  4162  3229  4137    97    22   362   207   986   596   518     0     0     0     0   181   240 13180
ё          0     0     0     0     0     0     0     0     0     0     0     0     1     1     0     0     0     0     0     2     0     0     0     0     0     0     0     0     0     0     0     0     0     0
ж        744    21     0    11   744  2999     0     4     0   921     0    43    21     0   504    14     0     2     8     9   194     0     0     0    11     0     0     0     0    29     0     0     0   217
з       2576    92   673   213   475   210     0    29    40   280     0    62   189   231  1568   387     3   209    16    11   231     0     0     1    11     2     0    24   224   222     0    26   237   914
и         89   403  1349   367  1048  1470     0   184  1696   489   901  1107  3128  1803  1947   165   146   587  1437  2623     3    43  1082   459  1020   487   131     0     0     0     2   191  1096 11308
й          0     7     2     1   114     1     0     0     0     5     0    54    17    25   356     2     2     5   278   198     1     1     0    21    72   133     0     0     0     0     1     0     3  4889
к       4087     0   186     0    13   223     0     5     7  1558     0     9   305     1   519  5310     2  1092   118   412   783     0     1    28     1     4     0     0     0     0     1     0     0  2953
л       2816    24    17   137     2  2287     0   190     7  3699     0   131    61     7   180  3765    24     0   709    42   888     1     2     0    97     6     0     0   483  2621     1   764   950  3843
м       1553    28     9    52     4  3248     0     0     0  1699     0    40    95    17  1525  2728    37    63    86    57  1435     7     1     8    17     0     1     0   741    33     1     0   272  5267
н       6159     1     7    34   261  7090     0     2    23  5385     0   135     0     4  2161  7640     0    55   287   368  1338    25     0   164   118     0   117     0  2030   808     1   138  1521  2258
о          4  2446  4940  3442  2860  1981     0  1353   817   602  2308  1069  3173  3507  3599   160   859  3195  4426  4078    50    50   203    76  1399   424   177     0     0     0    51   380   394 16300
п        636     0     0     0     0  1491     0     0     0   601     0    36   456     0    69  5018    16  4200    43    37   354     0     0    13    10     1     2     0   179    48     1     0   210    36
р       4871   128   360   188   225  3848     0   181    48  2701     0   125    28   150   469  4362    49     3   442   369  1597     5    71    18    71   151    10     0   678   480     0   112   688   430
с       1084    34   987    24   103  2934     0    20     7  1318     0  2531  1922   633   609  1718   927   125   575  8313   510    28   128    47   231   111     0    11   184  1479     0   124  2635  1906
т       3716     5  2148     9    97  3370     0     0     4  2587     0   271   132    38   678  9749    27  1905  1130    38   976     8     8    37   142    31    10     4   902  4521     1    24   287  4556
у         39   470   514   778  1186   188     0  1046   157    15    77   370   596   678   160     2   499   327   666   949     2     5   222     7   540   517   337     0     0     0    10   624    29  4187
ф        131     0     0     0     0    94     0     0     0   113     0     0    26     8     0    90     0   102     1   130    27    11     0     0     0     0     0     0     4    16     0     0     0     8
х        291     0   112     1     0    28     0     1     1   110     0     0    59    44    88  1343     0    58    14    18    96     0     0     0     3     4     0     8     0     0     1     0     3  2112
ц        398     0    25     0     0   549     0     0     0   162     0    24     1     1     1   114     0     0     1     2    95     0     0     0     0     2     0     0    85     0     0     0     0   280
ч       1463     0     7     0     0  2971     0     0     0   964     0   129     9     0   708    34     0   103     0  2631   602     0     0     0     0    74     0     0     0   126     0     0     0   120
ш        559     0     8     0     1  1371     0     0     0   840     0   236   236     2   225    82    11     0     0    14   149     0     0     0     0     0     0     0     0   443     0     0     0    50
щ        264     0     0     0     0  1091     0     0     0   499     0     0     0     0    51    10     0     3     0     0   143     0     0     0     0     0     0     0     0    36     0     0     0     5
ъ          0     0     0     0     0    50     0     0     0     0     0     0     0     0     0     0     0     0     0     0     0     0     0     0     0     0     0     0     0     0     0     2   106     0
ы          0   115   604    60   141   630     0    19    49    25   980    97  1189   714   122     1    53   138   587   587     7     0   625     1   137   313    10     0     0     0     0     0     7  3065
ь          2   116    29   102    76   276     0     1    93    39     0   863     0   201   939    17     6     1   595   102     3     4     1    36    37   248     6     0     0     0     3   343   333  6998
э          0     0     1     6     1     0     0     2     4     0     0    56    35    18     4     0    57     3     6  2009     0     3     4     0     0     0     0     0     0     0     0     0     0    14
ю          2   367     6     5   191     1     0     1     1     5     0     4     3    19    32     4     5    33   140   516     0     0     0    15    63     7   293     0     0     0     0    25     1  2358
я          3    19   183    67   274   185     0    86   442    14    34   128   403   245   496     9    26    36   304   915     0     0   134    76   124     0   134     0     0     0     0   159    70  9139
        1490  4377 11737  2278  5238  2686     0  1595  2574  7662     0  5499  1759  5584 10288  6920  9289  2640 10080  5803  2985   386   923   262  4166   297    39     0     0     0  2145    34  2826  2368

Біграми (неперекривні):
           а     б     в     г     д     е     ё     ж     з     и     й     к     л     м     н     о     п     р     с     т     у     ф     х     ц     ч     ш     щ     ъ     ы     ь     э     ю     я      
а          2   131   918   221   580   640     2   561  1004    49   221  1705  1990  1036  1172    10   187   586  1371  1419    26    92   294    27   266   232    80     0     0     0     0   478   566  4741
б        179     4    31     0     9   717     0    10     0   265     0    48   262    12   120   732     0   356    69     1   372     0    22     1     5     1    68    47  1261    16     0     5   141   178
в       1870     1    21     4   176  2025     0     0   150   847     0    26   308    41   518  2326   139   211  1526    70   189     0    19     6    31   161     3     0   985    66     0     0    80  2079
г        275     0     5     1   523   145     1     0     0   266     0    26   423     6   114  2810     0   256    17     2   154     0     0     0     6     1     0     0     0     0     0     0     1   342
д       1762     4   252     7    10  1520     0     8     4   764     0    83   207    21   582  1383    25   495   117    52   556     0     7   106    24    20     0     6   160   233     0     1   101   297
е         34   440   575  1234   896   553     0   243   471    80   738   392  1764  1440  2928   103   344  2081  1616  2090    53    12   198    94   513   301   260     0     0     0     0    90   118  6633
ё          0     0     0     0     0     0     0     0     0     0     0     0     0     0     0     0     0     0     0     1     0     0     0     0     0     0     0     0     0     0     0     0     0     0
ж        376    12     0     7   394  1528     0     1     0   464     0    26    13     0   258     9     0     1     3     4   105     0     0     0     5     0     0     0     0    15     0     0     0   109
з       1273    49   330   104   245   108     0    14    19   135     0    28    88   110   793   181     2   104     7     5   108     0     0     0     5     0     0    10   113   103     0    15   111   464
и         51   205   648   185   518   716     0    93   847   240   458   566  1561   923  1001    77    73   307   731  1303     3    21   547   241   520   270    68     0     0     0     2    97   551  5638
й          0     3     0     0    63     1     0     0     0     2     0    25     9     7   185     2     1     1   134    91     1     1     0    10    37    62     0     0     0     0     0     0     3  2416
к       2046     0    97     0     9   124     0     3     3   746     0     5   156     0   261  2671     1   582    57   215   407     0     1    16     0     2     0     0     0     0     1     0     0  1424
л       1401    10     7    73     0  1141     0    99     5  1828     0    72    33     3    84  1923    10     0   359    21   447     1     2     0    54     6     0     0   246  1326     1   394   481  1937
м        796    12     3    26     1  1603     0     0     0   837     0    24    48    10   779  1375    15    30    38    25   701     3     0     4     5     0     1     0   370    18     0     0   137  2641
н       3122     1     2    17   135  3470     0     2    11  2657     0    64     0     2  1066  3730     0    32   138   190   653    16     0    89    50     0    56     0  1007   426     1    69   773  1099
о          1  1230  2515  1717  1419  1006     0   654   401   302  1167   544  1601  1750  1818    64   401  1612  2249  2069    21    24    91    33   674   225    99     0     0     0    25   181   204  8175
п        318     0     0     0     0   743     0     0     0   300     0    17   213     0    36  2484     7  2112    25    21   192     0     0     7     7     1     1     0    97    22     1     0   109    18
р       2397    75   186    93   110  1909     0    88    25  1318     0    64    16    74   237  2146    28     1   231   197   787     2    39    10    37    74     5     0   320   235     0    49   334   208
с        541    16   501    13    51  1421     0     9     1   628     0  1277   932   307   304   869   450    66   274  4186   251    11    69    21   100    58     0     5    79   766     0    62  1318   954
т       1882     3  1078     3    46  1700     0     0     2  1271     0   121    56    22   346  4842    13   980   547    13   495     4     5    21    78    16     5     1   430  2274     0    12   140  2223
у         22   238   251   390   603    94     0   507    82     5    42   179   276   336    76     1   263   165   323   470     0     4   110     1   255   253   175     0     0     0     7   309    12  2139
ф         76     0     0     0     0    41     0     0     0    50     0     0    12     1     0    46     0    47     1    57    15     9     0     0     0     0     0     0     4    12     0     0     0     4
х        157     0    58     1     0    16     0     1     0    60     0     0    26    19    42   628     0    30     4     9    46     0     0     0     0     2     0     5     0     0     1     0     3  1035
ц        191     0    13     0     0   264     0     0     0    79     0    15     1     0     0    66     0     0     1     1    43     0     0     0     0     1     0     0    43     0     0     0     0   136
ч        708     0     3     0     0  1500     0     0     0   519     0    76     7     0   351    19     0    54     0  1325   298     0     0     0     0    42     0     0     0    68     0     0     0    62
ш        267     0     6     0     0   677     0     0     0   423     0   104   111     0   123    41     8     0     0     5    73     0     0     0     0     0     0     0     0   204     0     0     0    26
щ        130     0     0     0     0   527     0     0     0   256     0     0     0     0    22     4     0     1     0     0    73     0     0     0     0     0     0     0     0    19     0     0     0     4
ъ          0     0     0     0     0    26     0     0     0     0     0     0     0     0     0     0     0     0     0     0     0     0     0     0     0     0     0     0     0     0     0     1    57     0
ы          0    47   307    33    76   321     0    12    26    12   490    52   573   375    74     1    21    62   301   285     3     0   301     0    61   162     7     0     0     0     0     0     2  1557
ь          1    50    17    46    42   141     0     0    48    18     0   417     0   102   504     6     3     0   295    49     2     0     0    17    20   114     1     0     0     0     1   174   158  3441
э          0     0     1     2     0     0     0     0     2     0     0    26    20    11     3     0    32     1     4   984     0     0     3     0     0     0     0     0     0     0     0     0     0    11
ю          0   179     3     3    89     0     0     1     1     1     0     4     2    10    16     1     1    14    70   266     0     0     0    10    32     5   149     0     0     0     0    14     0  1174
я          1    11    98    40   136    87     0    43   228     7    18    58   206   135   251     4    12    22   151   456     0     0    65    45    58     0    66     0     0     0     0    83    34  4523
         705  2155  5703  1161  2596  1377     0   817  1302  3871     0  2747   876  2769  5188  3497  4690  1354  5059  2900  1535   186   479   127  2066   150    22     0     0     0  1083    18  1433  1188

